mat1 = [1:9;4:12;7:15]